---
maxVel: 21.0
maxAccel: 21.0
maxAngVel: 3.141592653589793
maxAngAccel: 3.141592653589793
robotLength: 18.0
robotWidth: 18.0
driveType: "MECANUM"
trackWidth: 16.0
lateralMultiplier: 1.0
